pos/1012675629_2.jpg 1 341 286 398 398
pos/103236168_1.jpg 1 300 251 481 481
pos/103236168_2.jpg 1 378 167 380 380
pos/1045887134_1.jpg 1 98 183 494 494
pos/1050957686_2.jpg 1 247 219 329 329
pos/1092587063_1.jpg 1 275 270 292 292
pos/1112052992_1.jpg 1 337 155 498 498
pos/111247636_1.jpg 1 325 163 411 411
pos/1115234911_1.jpg 1 521 186 629 629
pos/111714273_1.jpg 1 40 76 504 504
pos/111836119_1.jpg 1 216 158 230 230
pos/1128654081_1.jpg 1 356 77 434 434
pos/11564757_2.jpg 1 267 12 321 321
pos/1160859039_1.jpg 1 203 283 455 455
pos/1165647416_1.jpg 1 182 96 378 378
pos/117402372_1.jpg 1 225 155 469 469
pos/117634057_1.jpg 1 273 148 476 476
pos/1188369899_1.jpg 1 249 13 542 542
pos/1195037433_1.jpg 1 169 56 354 354
pos/1199742157_1.jpg 1 412 192 501 501
pos/122276700_1.jpg 1 248 138 407 407
pos/1265948983_1.jpg 1 188 161 435 435
pos/1265969136_1.jpg 1 147 50 455 455
pos/1270609209_1.jpg 1 276 168 372 372
pos/1270798682_2.jpg 1 273 186 371 371
pos/127567332_1.jpg 1 59 100 552 552
pos/129594949_1.jpg 1 44 228 484 484
pos/130625688_1.jpg 1 288 123 418 418
pos/1308054912_1.jpg 1 235 167 427 427
pos/1308649036_1.jpg 1 169 147 469 469
pos/1312213009_1.jpg 1 326 269 460 460
pos/1356962652_1.jpg 1 285 184 338 338
pos/1377746898_1.jpg 1 223 212 469 469
pos/1382054700_1.jpg 1 156 39 429 429
pos/1384775111_1.jpg 1 230 199 533 533
pos/1402640447_1.jpg 1 62 194 576 576
pos/1404106170_1.jpg 1 33 148 568 568
pos/140606432_1.jpg 1 103 105 370 370
pos/1408606093_1.jpg 1 139 340 606 606
pos/1411496009_1.jpg 1 173 57 692 692
pos/1418178512_1.jpg 1 56 56 475 475
pos/1418180068_1.jpg 1 122 107 398 398
pos/1418181204_1.jpg 1 100 75 376 376
pos/1419222657_1.jpg 1 251 246 696 696
pos/1420413841_2.jpg 1 283 236 359 359
pos/1426539072_2.jpg 1 301 242 408 408
pos/1426553012_1.jpg 1 280 255 379 379
pos/1429860583_1.jpg 1 248 79 360 360
pos/1440500396_1.jpg 1 336 335 422 422
pos/1440501186_1.jpg 1 297 210 374 374
pos/1440954129_1.jpg 1 95 193 497 497
pos/1440954875_1.jpg 1 147 86 537 537
pos/144837725_1.jpg 1 210 215 349 349
pos/1455826575_1.jpg 1 305 73 529 529
pos/146623854_1.jpg 1 260 187 443 443
pos/1467878637_1.jpg 1 987 104 144 144
pos/146978430_1.jpg 1 83 127 382 382
pos/149162488_1.jpg 1 334 292 322 322
pos/1499030378_1.jpg 1 133 159 52 52
pos/150324675_1.jpg 1 21 251 288 288
pos/1507775914_1.jpg 1 187 150 557 557
pos/1522875567_1.jpg 1 127 194 394 394
pos/1527094652_1.jpg 1 338 231 376 376
pos/1541108261_1.jpg 1 122 224 595 595
pos/154598717_1.jpg 1 70 13 470 470
pos/154598718_1.jpg 1 96 9 329 329
pos/155093594_1.jpg 1 256 211 356 356
pos/158249995_1.jpg 1 131 120 326 326
pos/1629243_1.jpg 1 89 198 388 388
pos/164260909_1.jpg 1 43 208 444 444
pos/164403300_1.jpg 1 280 62 666 666
pos/164866565_1.jpg 1 316 303 482 482
pos/16547388_1.jpg 1 35 354 549 549
pos/1657179414_1.jpg 1 26 252 353 353
pos/1657180938_1.jpg 1 4 105 479 479
pos/166033328_1.jpg 1 244 166 380 380
pos/167671232_1.jpg 1 55 62 528 528
pos/167671345_1.jpg 1 67 104 515 515
pos/1691766_1.jpg 1 78 197 296 296
pos/169346774_1.jpg 1 17 142 494 494
pos/169598954_1.jpg 1 239 32 643 643
pos/1710672384_1.jpg 1 229 146 572 572
pos/173153701_2.jpg 1 125 237 358 358
pos/173153923_2.jpg 1 6 112 65 65
pos/173744986_1.jpg 1 79 199 425 425
pos/173744986_2.jpg 1 305 299 386 386
pos/173808384_2.jpg 1 260 227 351 351
pos/1757432712_1.jpg 1 227 225 406 406
pos/178428696_1.jpg 1 300 246 421 421
pos/1809894544_2.jpg 1 363 261 436 436
pos/1812732159_1.jpg 1 64 240 430 430
pos/182573594_1.jpg 1 225 249 430 430
pos/1844911065_1.jpg 1 294 231 314 314
pos/1844930191_1.jpg 1 417 377 214 214
pos/1861774022_1.jpg 1 354 245 573 573
pos/1868687324_1.jpg 1 343 271 465 465
pos/1878818683_1.jpg 1 261 225 484 484
pos/1887411993_1.jpg 1 62 317 537 537
pos/191895648_1.jpg 1 164 43 442 442
pos/194833666_1.jpg 1 221 206 422 422
pos/196066281_1.jpg 1 166 374 347 347
pos/1962577879_1.jpg 1 260 236 383 383
pos/1987283210_1.jpg 1 42 261 461 461
pos/1987287630_1.jpg 1 39 236 450 450
pos/200506188_1.jpg 1 148 268 433 433
pos/2005566839_3.jpg 1 231 208 348 348
pos/2010631499_1.jpg 1 305 127 462 462
pos/202516196_1.jpg 1 308 297 374 374
pos/2041377546_1.jpg 1 83 148 610 610
pos/2042747277_1.jpg 1 217 170 378 378
pos/2047351146_1.jpg 1 267 150 338 338
pos/2056280349_1.jpg 1 285 258 408 408
pos/2057113858_1.jpg 1 303 116 488 488
pos/2062420464_1.jpg 1 491 76 462 462
pos/2067453390_1.jpg 1 72 197 351 351
pos/2071191303_2.jpg 1 367 233 484 484
pos/2073353251_1.jpg 1 246 90 367 367
pos/2075932440_1.jpg 1 20 114 529 529
pos/2078249976_1.jpg 1 251 121 524 524
pos/2078419146_1.jpg 1 293 91 558 558
pos/2081258704_1.jpg 1 357 313 482 482
pos/2082655557_2.jpg 1 257 163 340 340
pos/2088010176_2.jpg 1 248 187 492 492
pos/2088941067_1.jpg 1 501 353 166 166
pos/2091167603_1.jpg 1 81 187 377 377
pos/2091300387_1.jpg 1 271 157 361 361
pos/2091918525_1.jpg 1 87 132 340 340
pos/2092281650_1.jpg 1 118 266 465 465
pos/2093465867_1.jpg 1 278 223 411 411
pos/2099144186_1.jpg 1 102 131 357 357
pos/2102099439_1.jpg 1 390 285 473 473
pos/2103921848_1.jpg 1 326 230 466 466
pos/2104726907_1.jpg 1 22 134 624 624
pos/2106008703_1.jpg 1 503 223 763 763
pos/2106011059_1.jpg 1 579 336 521 521
pos/2106789492_1.jpg 1 399 58 557 557
pos/2108298351_1.jpg 1 296 239 353 353
pos/2115342511_1.jpg 1 137 41 446 446
pos/2115806866_3.jpg 1 210 183 332 332
pos/2124608043_1.jpg 1 109 198 517 517
pos/2124611787_1.jpg 1 232 305 428 428
pos/2124708927_1.jpg 1 111 96 465 465
pos/2125387076_1.jpg 1 214 199 413 413
pos/212960843_1.jpg 1 283 268 355 355
pos/2134243149_2.jpg 1 248 210 394 394
pos/2134262703_2.jpg 1 231 194 395 395
pos/213440091_1.jpg 1 242 154 349 349
pos/213442073_1.jpg 1 373 58 512 512
pos/2137551460_1.jpg 1 391 269 544 544
pos/2138195672_1.jpg 1 300 134 433 433
pos/2139767101_1.jpg 1 262 230 356 356
pos/2139767101_2.jpg 1 233 188 360 360
pos/2140556694_1.jpg 1 215 179 321 321
pos/2140556694_2.jpg 1 210 169 336 336
pos/2158901099_1.jpg 1 83 171 414 414
pos/216195276_1.jpg 1 329 234 460 460
pos/2165528796_2.jpg 1 219 192 373 373
pos/2167059698_1.jpg 1 402 361 456 456
pos/2168442441_1.jpg 1 231 241 776 776
pos/2169267682_1.jpg 1 110 144 432 432
pos/2169268854_1.jpg 1 288 238 395 395
pos/2169601621_1.jpg 1 376 373 495 495
pos/2175042512_1.jpg 1 491 68 458 458
pos/2177168298_1.jpg 1 226 230 424 424
pos/2180195389_1.jpg 1 284 220 404 404
pos/2190740171_1.jpg 1 254 256 538 538
pos/2193408004_1.jpg 1 36 155 344 344
pos/2194332767_1.jpg 1 189 410 536 536
pos/2195120494_1.jpg 1 120 345 612 612
pos/219709038_1.jpg 1 270 156 406 406
pos/2200760295_1.jpg 1 278 234 500 500
pos/2201942026_1.jpg 1 266 380 349 349
pos/2201943712_2.jpg 1 159 266 343 343
pos/2202089258_1.jpg 1 354 139 248 248
pos/2202741165_3.jpg 1 232 208 333 333
pos/2210601282_1.jpg 1 397 401 76 76
pos/2210716757_1.jpg 1 265 193 411 411
pos/2211542693_1.jpg 1 251 195 356 356
pos/221174143_1.jpg 1 321 39 468 468
pos/221238636_1.jpg 1 265 67 486 486
pos/2222444403_1.jpg 1 380 104 465 465
pos/2227646745_2.jpg 1 289 281 369 369
pos/2228100915_1.jpg 1 286 234 433 433
pos/2229166768_1.jpg 1 226 175 453 453
pos/2231989317_1.jpg 1 285 243 404 404
pos/224036417_2.jpg 1 251 207 333 333
pos/224905605_1.jpg 1 120 236 459 459
pos/2251201726_1.jpg 1 215 96 425 425
pos/2255538912_1.jpg 1 51 170 313 313
pos/2255555023_1.jpg 1 103 204 381 381
pos/2262286043_1.jpg 1 251 182 353 353
pos/2262722996_1.jpg 1 338 66 366 366
pos/2267933931_1.jpg 1 200 216 405 405
pos/2286067877_1.jpg 1 352 166 346 346
pos/22920624_1.jpg 1 216 139 509 509
pos/2292430114_1.jpg 1 43 174 379 379
pos/2293417920_1.jpg 1 394 342 455 455
pos/2301548674_1.jpg 1 144 202 508 508
pos/2302927584_1.jpg 1 292 216 307 307
pos/2302987350_1.jpg 1 309 216 340 340
pos/2304715356_1.jpg 1 254 5 392 392
pos/2306396832_1.jpg 1 116 272 491 491
pos/2308489181_3.jpg 1 291 236 353 353
pos/2315111554_1.jpg 1 216 117 528 528
pos/2322139919_1.jpg 1 358 290 461 461
pos/232329021_1.jpg 1 260 143 345 345
pos/2326123678_2.jpg 1 290 225 411 411
pos/2326647920_1.jpg 1 517 387 421 421
pos/232750395_1.jpg 1 312 249 381 381
pos/2330128831_1.jpg 1 324 82 546 546
pos/2330128905_1.jpg 1 177 257 408 408
pos/2330129299_1.jpg 1 236 72 633 633
pos/2330129413_1.jpg 1 240 60 703 703
pos/2330954580_1.jpg 1 258 36 673 673
pos/2330955274_1.jpg 1 260 163 522 522
pos/2331853202_1.jpg 1 179 122 340 340
pos/2340693798_1.jpg 1 259 191 401 401
pos/2344217511_1.jpg 1 278 234 506 506
pos/2344218773_1.jpg 1 303 192 352 352
pos/2344219269_1.jpg 1 426 205 442 442
pos/2344967158_1.jpg 1 117 160 541 541
pos/2344972348_1.jpg 1 294 295 128 128
pos/2350619624_1.jpg 1 245 89 364 364
pos/2350688586_1.jpg 1 275 216 441 441
pos/2354287692_1.jpg 1 274 136 307 307
pos/2356460241_1.jpg 1 454 114 530 530
pos/2361275920_1.jpg 1 269 230 426 426
pos/236817064_1.jpg 1 208 154 462 462
pos/237212549_1.jpg 1 167 175 349 349
pos/237609288_1.jpg 1 172 98 453 453
pos/237609290_1.jpg 1 144 75 474 474
pos/2376488496_1.jpg 1 98 253 439 439
pos/2379148673_1.jpg 1 44 176 546 546
pos/238277879_1.jpg 1 160 351 652 652
pos/2383880067_1.jpg 1 227 156 389 389
pos/2384712054_1.jpg 1 217 205 421 421
pos/2385650791_1.jpg 1 369 331 440 440
pos/2386611784_1.jpg 1 476 293 639 639
pos/2386722927_2.jpg 1 322 282 466 466
pos/2389313905_1.jpg 1 391 90 431 431
pos/2393607229_1.jpg 1 268 255 391 391
pos/2407762189_1.jpg 1 113 213 336 336
pos/2416254762_1.jpg 1 283 70 366 366
pos/2416614295_1.jpg 1 51 120 487 487
pos/2417379685_1.jpg 1 98 320 467 467
pos/2425803315_1.jpg 1 394 294 477 477
pos/2426066819_1.jpg 1 297 165 478 478
pos/2426066823_1.jpg 1 204 190 393 393
pos/2426631349_1.jpg 1 66 202 328 328
pos/2430537549_1.jpg 1 63 102 453 453
pos/243232372_1.jpg 1 307 141 449 449
pos/243232376_1.jpg 1 88 114 499 499
pos/2432515626_1.jpg 1 249 163 359 359
pos/2434739044_1.jpg 1 22 202 316 316
pos/243759437_1.jpg 1 505 163 145 145
pos/2439889861_1.jpg 1 247 230 334 334
pos/2442107375_1.jpg 1 173 310 484 484
pos/2447772018_1.jpg 1 249 217 327 327
pos/2461725904_1.jpg 1 105 308 486 486
pos/2469551410_1.jpg 1 259 78 552 552
pos/24729177_1.jpg 1 51 155 416 416
pos/2473945935_1.jpg 1 136 148 470 470
pos/2477598941_1.jpg 1 270 121 372 372
pos/248255433_1.jpg 1 26 116 360 360
pos/2483534214_1.jpg 1 278 272 412 412
pos/2497794830_1.jpg 1 313 100 371 371
pos/2497976014_1.jpg 1 272 174 518 518
pos/2497978188_1.jpg 1 420 174 398 398
pos/2511563395_1.jpg 1 96 5 552 552
pos/2514104824_1.jpg 1 56 289 527 527
pos/2514843829_1.jpg 1 33 200 381 381
pos/2521596793_1.jpg 1 295 228 388 388
pos/2525905984_1.jpg 1 251 256 328 328
pos/2528689679_1.jpg 1 133 96 664 664
pos/2529462320_1.jpg 1 327 566 129 129
pos/252976245_1.jpg 1 274 148 417 417
pos/2538548404_1.jpg 1 233 174 408 408
pos/2538980825_1.jpg 1 299 205 357 357
pos/2541637575_1.jpg 1 219 176 407 407
pos/2544738096_1.jpg 1 37 225 401 401
pos/2544906205_1.jpg 1 349 264 559 559
pos/2548364697_1.jpg 1 91 205 518 518
pos/2551878386_1.jpg 1 138 298 557 557
pos/2553964820_1.jpg 1 48 195 558 558
pos/2559502581_1.jpg 1 192 283 356 356
pos/2562123281_1.jpg 1 254 196 627 627
pos/2563604089_1.jpg 1 337 68 408 408
pos/2567215951_1.jpg 1 216 104 317 317
pos/2567246289_1.jpg 1 384 178 493 493
pos/2570109022_1.jpg 1 236 42 569 569
pos/2583400257_1.jpg 1 98 627 60 60
pos/2583560347_1.jpg 1 280 183 376 376
pos/2584222434_1.jpg 1 231 76 434 434
pos/2584224650_1.jpg 1 72 17 499 499
pos/2584226946_1.jpg 1 406 72 557 557
pos/2584392198_1.jpg 1 301 228 278 278
pos/258914311_1.jpg 1 54 212 562 562
pos/2589809231_1.jpg 1 144 188 354 354
pos/2592795354_1.jpg 1 261 199 379 379
pos/2593999937_1.jpg 1 340 115 531 531
pos/2595847708_1.jpg 1 11 222 605 605
pos/2597444784_1.jpg 1 250 176 435 435
pos/2599260456_1.jpg 1 178 65 378 378
pos/2606355351_1.jpg 1 165 375 664 664
pos/2610986753_1.jpg 1 49 166 375 375
pos/2612796933_1.jpg 1 146 151 554 554
pos/2618147986_1.jpg 1 255 204 355 355
pos/2620035751_1.jpg 1 346 146 487 487
pos/2620035751_4.jpg 1 182 204 456 456
pos/2622481517_2.jpg 1 240 194 365 365
pos/2622481519_1.jpg 1 216 163 372 372
pos/2622481529_2.jpg 1 261 191 325 325
pos/2623755106_1.jpg 1 291 247 371 371
pos/262545392_1.jpg 1 317 243 466 466
pos/262545511_1.jpg 1 420 269 433 433
pos/2628518257_1.jpg 1 35 151 392 392
pos/2628518621_1.jpg 1 114 202 336 336
pos/2642751678_1.jpg 1 156 274 460 460
pos/2649826959_1.jpg 1 367 245 300 300
pos/2658283615_1.jpg 1 88 256 55 55
pos/2658697087_1.jpg 1 269 186 568 568
pos/2659115078_1.jpg 1 220 235 359 359
pos/2663129694_1.jpg 1 447 22 316 316
pos/2664748719_1.jpg 1 80 8 661 661
pos/2665784919_1.jpg 1 75 318 499 499
pos/2665879761_1.jpg 1 25 277 538 538
pos/2667636661_3.jpg 1 324 307 385 385
pos/268625316_1.jpg 1 172 201 348 348
pos/26931199_1.jpg 1 370 327 441 441
pos/2697871888_1.jpg 1 333 185 345 345
pos/2699413804_1.jpg 1 372 248 327 327
pos/2699422785_1.jpg 1 226 189 469 469
pos/269968666_1.jpg 1 288 84 357 357
pos/2700238522_1.jpg 1 237 28 482 482
pos/2716434131_1.jpg 1 353 281 377 377
pos/2716694520_1.jpg 1 152 114 313 313
pos/2717658327_1.jpg 1 221 197 384 384
pos/2721866884_1.jpg 1 181 218 543 543
pos/2728400620_1.jpg 1 308 168 385 385
pos/2738625961_1.jpg 1 24 189 532 532
pos/2739463536_1.jpg 1 157 152 515 515
pos/2741633807_1.jpg 1 247 102 471 471
pos/2743945084_1.jpg 1 372 259 343 343
pos/2761037247_1.jpg 1 274 139 300 300
pos/2772764524_1.jpg 1 106 258 450 450
pos/2788857428_1.jpg 1 265 123 337 337
pos/2790641531_2.jpg 1 363 202 384 384
pos/279233131_1.jpg 1 234 224 336 336
pos/2794843471_1.jpg 1 512 221 345 345
pos/2799926533_1.jpg 1 186 230 501 501
pos/2809056479_1.jpg 1 254 123 615 615
pos/2813805354_1.jpg 1 160 128 311 311
pos/2821337875_1.jpg 1 387 220 363 363
pos/2822983493_2.jpg 1 288 231 378 378
pos/2826630965_1.jpg 1 278 240 338 338
pos/2836527486_1.jpg 1 149 126 319 319
pos/2837874919_1.jpg 1 200 208 350 350
pos/2839127417_1.jpg 1 278 243 342 342
pos/2842060169_1.jpg 1 49 287 434 434
pos/2849785904_1.jpg 1 230 157 317 317
pos/2850359046_1.jpg 1 164 218 487 487
pos/2861015002_1.jpg 1 285 170 307 307
pos/2868566775_1.jpg 1 267 132 345 345
pos/2876086461_1.jpg 1 237 175 381 381
pos/2876924522_1.jpg 1 237 102 363 363
pos/2879006749_1.jpg 1 240 66 383 383
pos/2879451526_1.jpg 1 305 272 636 636
pos/290160311_1.jpg 1 158 241 395 395
pos/2904389281_1.jpg 1 257 103 354 354
pos/2911244712_1.jpg 1 26 134 336 336
pos/291331356_1.jpg 1 85 230 400 400
pos/291888779_1.jpg 1 92 70 492 492
pos/2921821351_1.jpg 1 216 63 600 600
pos/2924895893_1.jpg 1 217 331 321 321
pos/2926246380_1.jpg 1 257 107 376 376
pos/2933512856_1.jpg 1 283 198 365 365
pos/2934932210_1.jpg 1 131 25 523 523
pos/2938251541_1.jpg 1 56 264 421 421
pos/2938258611_1.jpg 1 93 196 376 376
pos/2939107478_1.jpg 1 80 245 541 541
pos/2942017513_1.jpg 1 326 19 247 247
pos/2943360326_1.jpg 1 276 220 372 372
pos/2945212488_1.jpg 1 187 55 563 563
pos/2947090433_1.jpg 1 276 131 376 376
pos/2950198886_1.jpg 1 456 123 539 539
pos/2950368779_1.jpg 1 14 142 401 401
pos/2957223413_1.jpg 1 257 214 382 382
pos/2959228565_1.jpg 1 218 209 289 289
pos/2960256451_1.jpg 1 241 52 488 488
pos/2962206738_1.jpg 1 91 231 342 342
pos/2962437091_1.jpg 1 381 241 329 329
pos/2962805676_3.jpg 1 232 177 388 388
pos/2965035072_1.jpg 1 69 243 486 486